      967        0        8        0        1        3        6        0        5        3
        1     1126        0        1        0        2        4       17        3        7
        1        2     1002        5        2        0        1       11        3        0
        1        2        1      979        0        9        1        1        6       11
        0        0        1        0      946        2        2        2        5       17
        1        0        0        5        0      862        4        0        9        2
        7        2        5        0       10        6      938        0        3        1
        1        1       11        9        5        1        0      985        6       11
        1        2        4        7        2        4        1        1      929        2
        0        0        0        4       16        3        0       11        5      955

   98.673   99.207   97.093   96.931   96.334   96.637   98.015   95.817    95.38   94.648      


     9689      310     96.9%        
